9.9999999999999998e-13  0.96668210385382525  0.12586613328571966  -0.0012730623952111682 
        2e-12  0.96659403706268043  0.12617005406187753  -0.0025418306412987352 
3.0000000000000001e-12  0.96645176636556906  0.12666001737604465  -0.0038061153584803067 
3.9999999999999999e-12  0.96625514653636657  0.12733514715403779  -0.0050657158113569488 
4.9999999999999997e-12  0.96600390180272633  0.12819448430115982  -0.0063204231385642585 
6.0000000000000003e-12  0.96569762873010134  0.12923698717294535  -0.007570022147314422 
7.0000000000000001e-12  0.96533579988547102  0.13046153097192872  -0.0088142918792204917 
7.9999999999999998e-12  0.96491776784856631  0.13186690690664288  -0.010053006080830292 
8.9999999999999996e-12  0.96444276949306951  0.13345182134639055  -0.011285933263097656 
9.9999999999999994e-12  0.96390993068092612  0.1352148946872147  -0.012512836688011134 
1.0999999999999999e-11  0.96331827115587865  0.13715466036066809  -0.013733474280676054 
1.1999999999999999e-11  0.96266670979206825  0.13926956371981464  -0.014947598475698447 
1.2999999999999999e-11  0.96195407009133027  0.14155796099059043  -0.016154956106736208 
1.3999999999999999e-11  0.961179085948342  0.14401811827708202  -0.017355288282275245 
      1.5e-11  0.96034040768858198  0.14664821060076683  -0.01854833032941109 
      1.6e-11  0.95943660832201016  0.1494463210860224  -0.019733811795076658 
1.6999999999999999e-11  0.9584661900396062  0.15241044023329234  -0.020911456515413807 
1.7999999999999999e-11  0.95742759089571083  0.15553846536539784  -0.022080982788425792 
1.8999999999999999e-11  0.95631919167295942  0.15882820025087399  -0.023242103632664639 
1.9999999999999999e-11  0.95513932290097869  0.1622773549307929  -0.024394527162521974 
2.0999999999999999e-11  0.95388627198493836  0.16588354579048684  -0.025537957068557913 
2.1999999999999998e-11  0.95255829042984019  0.16964429585934987  -0.026672093213990299 
2.2999999999999998e-11  0.95115360111098912  0.17355703540132864  -0.027796632347907791 
2.3999999999999998e-11  0.94967040554662752  0.17761910284596402  -0.028911268946997741 
2.4999999999999998e-11  0.94810689116611291  0.18182774596954587  -0.030015696285069282 
2.5999999999999997e-11  0.9464612387215765  0.1861801231245982  -0.031109607367454759 
2.6999999999999997e-11  0.94473162932563914  0.19067330554903922  -0.03219269549045263 
2.7999999999999997e-11  0.94291625043567151  0.19530428090112534  -0.033264656492906275 
2.8999999999999997e-11  0.94101330328510691  0.20006995371232775  -0.034325191908001117 
        3e-11  0.93902101198206844  0.20496714544791741  -0.035374007353843946 
3.0999999999999996e-11  0.93693762819741655  0.20999260208821124  -0.036410811173880023 
3.1999999999999999e-11  0.93476143360716213  0.2151430013357955  -0.037435319841786163 
3.3000000000000002e-11  0.93249074595257153  0.22041495386299809  -0.038447262894350513 
3.3999999999999999e-11  0.93012392667155408  0.22580500397741773  -0.039446384454617581 
3.4999999999999995e-11  0.92765938839293016  0.23130963175871283  -0.040432442298370744 
3.5999999999999992e-11  0.92509560002809355  0.23692525885774995  -0.041405206505341949 
3.6999999999999995e-11  0.92243108940032803  0.24264825610185511  -0.042364460118293833 
3.7999999999999998e-11  0.91966444447409423  0.24847495134599196  -0.043310001572099209 
3.9000000000000001e-11  0.91679431430340907  0.25440163608680366  -0.044241648438100849 
4.0000000000000004e-11  0.91381941066545458  0.2604245706023276  -0.04515924097413114 
4.1000000000000001e-11  0.91073851042099629  0.26653998801271889  -0.046062644895941973 
4.2000000000000004e-11  0.90755045842371085  0.27274409799449434  -0.046951752848599121 
4.3000000000000007e-11  0.90425417029966704  0.27903309078064165  -0.047826484908696537 
4.4000000000000003e-11  0.90084863463566389  0.28540314182386628  -0.048686788397377077 
      4.5e-11  0.89733291408965954  0.29185041717933713  -0.049532637573998513 
4.6000000000000003e-11  0.89370614529679482  0.29837107947672276  -0.050364033480422836 
4.7000000000000006e-11  0.8899675375399887  0.30496129417188544  -0.051181004194527507 
4.8000000000000009e-11  0.88611637037658431  0.31161723581234951  -0.051983605471336167 
4.9000000000000012e-11  0.8821519904483176  0.31833509400516857  -0.052771921717060293 
5.0000000000000015e-11  0.87807380775524335  0.32511107892911412  -0.053546067112983098 
5.1000000000000018e-11  0.87388129165863115  0.33194142624968426  -0.0543061867072629 
5.2000000000000021e-11  0.86957396672335774  0.33882240150336024  -0.055052457359930571 
5.3000000000000024e-11  0.86515140856083839  0.34575030382298472  -0.055785088454317067 
5.400000000000002e-11  0.86061324003873019  0.35272146895376433  -0.056504322117551527 
5.5000000000000023e-11  0.85595912762306037  0.35973227213271802  -0.057210432996887321 
5.6000000000000026e-11  0.85118877695739381  0.3667791309557259  -0.057903728205742515 
5.7000000000000023e-11  0.8463019289350977  0.37385850687792982  -0.058584546843327472 
5.8000000000000026e-11  0.84129835742000225  0.38096690608237194  -0.059253258365836517 
5.9000000000000029e-11  0.83617786568069785  0.38810088179927138  -0.059910261414910543 
6.0000000000000025e-11  0.83094028059591984  0.39525703643138282  -0.060555983594170061 
6.1000000000000022e-11  0.82558544795249134  0.40243202173641679  -0.06119088056099637 
6.2000000000000019e-11  0.82011322942696885  0.40962253826149081  -0.061815434333259214 
6.3000000000000015e-11  0.8145234996175087  0.41682533520828013  -0.06243015158589172 
6.4000000000000012e-11  0.8088161415216889  0.42403721109581782  -0.063035562733298578 
6.5000000000000008e-11  0.80299104012983757  0.43125501427756519  -0.063632221791786389 
6.6000000000000005e-11  0.79704807579278081  0.4384756422881248  -0.064220706165332889 
6.7000000000000001e-11  0.79098711861466953  0.44569603992788098  -0.064801615907361859 
6.7999999999999998e-11  0.78480802428261298  0.45291319660676416  -0.065375572416906294 
6.8999999999999994e-11  0.77851063046048641  0.46012414374620436  -0.065943217167754892 
6.9999999999999991e-11  0.77209475262624572  0.46732595250734743  -0.066505210908773191 
7.0999999999999987e-11  0.76556017872429416  0.47451573167998412  -0.067062233497284657 
7.1999999999999984e-11  0.7589066627941663  0.48169062520042483  -0.067614984063744027 
7.2999999999999981e-11  0.75213391840027233  0.48884780888417623  -0.068164181073225652 
7.3999999999999977e-11  0.74524161271343692  0.495984486202658  -0.068710561943894549 
7.4999999999999974e-11  0.73822936183248555  0.50309788327884652  -0.069254882156957506 
7.599999999999997e-11  0.73109672733476394  0.51018524342661975  -0.069797914060198252 
7.6999999999999967e-11  0.72384321366788074  0.5172438215704559  -0.070340445688405071 
7.7999999999999963e-11  0.7164682657553022  0.52427087871038436  -0.070883279881354122 
7.899999999999996e-11  0.70897126634454943  0.53126367644637085  -0.071427233816066624 
7.9999999999999956e-11  0.70135153279442386  0.53821947143430282  -0.071973138954401994 
8.0999999999999953e-11  0.69360831332962936  0.54513550951064749  -0.072521841200130166 
8.1999999999999949e-11  0.68574078323204513  0.55200901925009171  -0.073074200867245434 
8.2999999999999946e-11  0.67774804150924595  0.55883720503555068  -0.07363109239856773 
8.3999999999999943e-11  0.66962910799252451  0.56561723961553312  -0.074193404047213793 
8.4999999999999939e-11  0.66138292116315389  0.57234625585888532  -0.07476203703485694 
8.5999999999999936e-11  0.65300833764304456  0.57902133803220035  -0.075337903939322298 
8.6999999999999932e-11  0.64450413297128872  0.58563951322152485  -0.075921927381465193 
8.7999999999999929e-11  0.63586900234167332  0.59219774262048941  -0.076515039346223945 
8.8999999999999925e-11  0.62710156151480323  0.59869291229778709  -0.077118180222622942 
8.9999999999999922e-11  0.61820034870198559  0.6051218237120144  -0.077732297436440695 
9.0999999999999918e-11  0.60916382718546125  0.61148118432680121  -0.0783583442577237 
9.1999999999999915e-11  0.59999038785049208  0.61776759833301231  -0.078997279173785753 
9.2999999999999911e-11  0.59067835111886557  0.62397755705883962  -0.079650065539928358 
9.3999999999999908e-11  0.58122596883331401  0.63010742872123326  -0.080317670663131446 
9.4999999999999905e-11  0.57163142715286075  0.63615344762753367  -0.081001063922439137 
9.5999999999999901e-11  0.56189285103005038  0.64211170318308564  -0.081701214109319215 
9.6999999999999898e-11  0.55200831014851659  0.64797812901738838  -0.082419086458645277 
9.7999999999999894e-11  0.54197582581862724  0.6537484922352601  -0.083155639597388198 
9.8999999999999891e-11  0.53179337866561238  0.65941838264938324  -0.083911822181445092 
9.9999999999999887e-11  0.52145891746637163  0.66498320193356564  -0.084688568829814834 
1.0099999999999988e-10  0.51097036977255372  0.67043815289427711  -0.085486795106456334 
1.0199999999999988e-10  0.50032565476235191  0.67577822927373288  -0.086307391671750097 
1.0299999999999988e-10  0.48952269826521311  0.68099820651856435  -0.087151217945235962 
1.0399999999999987e-10  0.47855944950115437  0.68609263381669727  -0.08801909561828776 
1.0499999999999987e-10  0.46743389895986032  0.69105582750559336  -0.088911802124845979 
1.0599999999999987e-10  0.45614409708407766  0.6958818658544903  -0.089830063924710185 
1.0699999999999986e-10  0.44468817380429032  0.70056458527532051  -0.090774549334983329 
1.0799999999999986e-10  0.43306435926494263  0.70509757819976604  -0.091745860706127336 
1.0899999999999986e-10  0.42127100602554568  0.70947419295131997  -0.092744525882296924 
1.0999999999999985e-10  0.40930661286451669  0.71368753602199742  -0.093770989074439648 
1.1099999999999985e-10  0.39716985019471013  0.71773047733309725  -0.094825601465622814 
1.1199999999999985e-10  0.38485958665174419  0.72159565890236776  -0.095908611816579864 
1.1299999999999984e-10  0.37237491600631895  0.72527550685457176  -0.097020157189076722 
1.1399999999999984e-10  0.3597151840887331  0.728762246879466  -0.09816025400296427 
1.1499999999999984e-10  0.34688001579904199  0.7320479236388705  -0.099328789647569443 
1.1599999999999983e-10  0.33386934161607318  0.73512442410697343  -0.10052551464148965 
1.1699999999999983e-10  0.32068342296408875  0.73798350441731486  -0.10175003545908261 
1.1799999999999983e-10  0.30732287654345342  0.74061682032383402  -0.10300180842389831 
1.1899999999999982e-10  0.2937886976595665  0.74301596173214379  -0.10428013505081433 
1.1999999999999982e-10  0.28008228183292067  0.74517249138954289  -0.10558415907872828 
1.2099999999999981e-10  0.26620544347439373  0.74707798715241047  -0.10691286535589402 
1.2199999999999981e-10  0.25216043061535959  0.74872408694309711  -0.10826508079724158 
1.2299999999999981e-10  0.23794993527928376  0.75010253579985775  -0.10963947765816802 
1.239999999999998e-10  0.22357709924710592  0.75120523462369382  -0.11103457919524343 
1.249999999999998e-10  0.20904551475850136  0.75202428997241288  -0.11244876757817748 
1.259999999999998e-10  0.19435921958314953  0.75255206374319439  -0.11388029381948439 
1.2699999999999979e-10  0.17952268620457626  0.75278122130048475  -0.11532728955862466 
1.2799999999999979e-10  0.16454080545390642  0.75270477685123527  -0.11678778062516995 
1.2899999999999979e-10  0.14941886531575954  0.75231613534460484  -0.11825970226157637 
1.2999999999999978e-10  0.13416252562957015  0.75160913049877698  -0.11974091572424693 
1.3099999999999978e-10  0.11877778915311804  0.75057805848886439  -0.12122922580714865 
1.3199999999999978e-10  0.10327096930178471  0.74921770654958086  -0.1227223987877227 
1.3299999999999977e-10  0.08764865501081183  0.74752337558228665  -0.12421818036931827 
1.3399999999999977e-10  0.071917673508592711  0.74549089601460383  -0.12571431331349708 
1.3499999999999977e-10  0.056085052109168101  0.74311663661483807  -0.12720855451431373 
1.3599999999999976e-10  0.040157980225781709  0.74039750644144398  -0.12869869123736896 
1.3699999999999976e-10  0.024143772685266743  0.73733095036190499  -0.13018255617559965 
1.3799999999999976e-10  0.00804983522235048  0.73391493857914358  -0.13165804097761594 
1.3899999999999975e-10  -0.0081163671144866938  0.7301479505497267  -0.13312310801011126 
1.3999999999999975e-10  -0.024347337980328978  0.72602895360528996  -0.1345758002299858 
1.4099999999999975e-10  -0.040635573477575022  0.72155737660874031  -0.13601424917528607 
1.4199999999999974e-10  -0.056973580912269541  0.71673307931132968  -0.13743668123331104 
1.4299999999999974e-10  -0.073353892011139038  0.71155631850864065  -0.13884142231491331 
1.4399999999999974e-10  -0.089769070338969387  0.70602771217702842  -0.14022690088456063 
1.4499999999999973e-10  -0.10621171290107072  0.70014820264314592  -0.14159164926346501 
1.4599999999999973e-10  -0.1226744461037434  0.69391901976469095  -0.14293430320571515 
1.4699999999999973e-10  -0.13914991642627511  0.68734164495989325  -0.14425359976377092 
1.4799999999999972e-10  -0.1556307762625789  0.68041777665947445  -0.14554837345362953 
1.4899999999999972e-10  -0.17210966536469297  0.67314929753319008  -0.14681755079970449 
1.4999999999999971e-10  -0.18857918825791534  0.66553824387267202  -0.14806014346873383 
1.5099999999999971e-10  -0.20503188804242889  0.65758677777857766  -0.149275240247733 
1.5199999999999971e-10  -0.2214602171703185  0.64929716303375473  -0.15046199799973045 
1.529999999999997e-10  -0.23785650599662755  0.64067174556602913  -0.15161963157153616 
1.539999999999997e-10  -0.25421293006506873  0.63171293926909267  -0.15274740257760955 
1.549999999999997e-10  -0.27052147722657471  0.62242321781077548  -0.15384460707266115 
1.5599999999999969e-10  -0.28677391586776102  0.61280511299344798  -0.1549105622484136 
1.5699999999999969e-10  -0.30296176576214429  0.60286122015943455  -0.15594459234802147 
1.5799999999999969e-10  -0.31907627329636734  0.59259421096441878  -0.15694601400104752 
1.5899999999999968e-10  -0.33510839299829376  0.58200685356036996  -0.15791412121918089 
1.5999999999999968e-10  -0.3510487773774949  0.57110203990743014  -0.15884817040570359 
1.6099999999999968e-10  -0.36688777708491882  0.55988281962110731  -0.15974736587595803 
1.6199999999999967e-10  -0.38261545329833119  0.54835243942466594  -0.16061084648516732 
1.6299999999999967e-10  -0.39822160400282813  0.53651438684591801  -0.16143767397344974 
1.6399999999999967e-10  -0.41369580539668643  0.52437243622875218  -0.162226823581819 
1.6499999999999966e-10  -0.42902746896491351  0.51193069446550665  -0.16297717743171181 
1.6599999999999966e-10  -0.4442059138500028  0.49919364326217758  -0.16368752113957233 
1.6699999999999966e-10  -0.45922045310317522  0.48616617441508009  -0.16435654410099318 
1.6799999999999965e-10  -0.47406049129778738  0.47285361457194258  -0.16498284372707842 
1.6899999999999965e-10  -0.48871562991371087  0.45926173628718503  -0.1655649336630563 
1.6999999999999965e-10  -0.50317577599049124  0.4453967529146845  -0.16610125569591552 
1.7099999999999964e-10  -0.51743124889214265  0.43126529593561447  -0.16659019464639768 
1.7199999999999964e-10  -0.53147287965960921  0.41687437451464315  -0.16703009515891509 
1.7299999999999964e-10  -0.54529209742033924  0.40223131837705484  -0.16741927913160687 
1.7399999999999963e-10  -0.55888099776017131  0.38734370649092992  -0.16775606253893696 
1.7499999999999963e-10  -0.5722323888303309  0.37221928533549647  -0.16803877047017698 
1.7599999999999962e-10  -0.58533981216697661  0.35686588151421539  -0.16826574932972602 
1.7699999999999962e-10  -0.59819753661858988  0.34129131402317209  -0.16843537536727904 
1.7799999999999962e-10  -0.61080052529023765  0.32550331162055901  -0.16854605902042066 
1.7899999999999961e-10  -0.62314437689944169  0.30950944048784568  -0.16859624487355201 
1.7999999999999961e-10  -0.63522524426007909  0.29331704673271575  -0.16858440731285868 
1.8099999999999961e-10  -0.6470397336563195  0.2769332173311384  -0.16850904222292204 
1.819999999999996e-10  -0.6585847895911523  0.26036476200542535  -0.1683686553563038 
1.829999999999996e-10  -0.66985756980326017  0.24361821745255643  -0.16816174826737623 
1.839999999999996e-10  -0.68085531557732226  0.2266998743504601  -0.16788680284678603 
1.8499999999999959e-10  -0.69157522225825818  0.20961582666138348  -0.16754226548601464 
1.8599999999999959e-10  -0.70201431455364904  0.19237204189355644  -0.16712653179910675 
1.8699999999999959e-10  -0.71216933071144839  0.17497445019684887  -0.16663793271579247 
1.8799999999999958e-10  -0.72203661904430283  0.15742904951151215  -0.16607472267470141 
1.8899999999999958e-10  -0.73161204958215409  0.13974202349944301  -0.16543507055593215 
1.8999999999999958e-10  -0.74089094290058666  0.12191986865721657  -0.16471705385329907 
1.9099999999999957e-10  -0.74986801740541675  0.10396952681801765  -0.16391865638758593 
1.9199999999999957e-10  -0.75853735556138679  0.085898519192694339  -0.16303776962931485 
1.9299999999999957e-10  -0.76689238875210697  0.067715078208499244  -0.16207219747444895 
1.9399999999999956e-10  -0.77492589968341108  0.04942827372951171  -0.16101966412185564 
1.9499999999999956e-10  -0.78263004054250995  0.031048130808072019  -0.15987782451720564 
1.9599999999999956e-10  -0.78999636455808142  0.012585736879228536  -0.15864427663543562 
1.9699999999999955e-10  -0.79701586822595383  -0.0059466627902163552  -0.15731657471957292 
1.9799999999999955e-10  -0.80367904131678924  -0.024535581585177355  -0.15589224253828093 
1.9899999999999955e-10  -0.80997592190349132  -0.043166219100752766  -0.15436878578390945 
1.9999999999999954e-10  -0.81589615406387173  -0.061822397912774343  -0.15274370292649067 
2.0099999999999954e-10  -0.82142904663274241  -0.080486506785353976  -0.15101449418574195 
2.0199999999999954e-10  -0.82656363238298858  -0.099139446783898452  -0.14917866873441057 
2.0299999999999953e-10  -0.83128872827524003  -0.11776057628257411  -0.14723375072800932 
2.0399999999999953e-10  -0.83559299888493577  -0.13632765077979878  -0.14517728525108278 
2.0499999999999952e-10  -0.83946502672814538  -0.1548167538353335  -0.14300684580583511 
2.0599999999999952e-10  -0.84289339488567738  -0.17320221634415478  -0.14072004555600029 
2.0699999999999952e-10  -0.84586678897072665  -0.19145652280787664  -0.13831455514035967 
2.0799999999999951e-10  -0.84837412696800607  -0.20955020534553898  -0.13578813043222643 
2.0899999999999951e-10  -0.85040472659940702  -0.22745172900961191  -0.13313865409327183 
2.0999999999999951e-10  -0.85194852036227009  -0.24512737561719386  -0.13036419506940414 
2.109999999999995e-10  -0.85299632785838564  -0.26254113777385896  -0.12746309013954268 
2.119999999999995e-10  -0.85354019301444417  -0.27965463990870509  -0.12443405100764619 
2.129999999999995e-10  -0.85357378979690601  -0.29642710852149001  -0.12127629894063754 
2.1399999999999949e-10  -0.85309289367400953  -0.31281541861863144  -0.11798972635831294 
2.1499999999999949e-10  -0.85209590732738927  -0.3287742462001812  -0.11457508097731428 
2.1599999999999949e-10  -0.85058441844962174  -0.34425635610208727  -0.1110341632800184 
2.1699999999999948e-10  -0.84856375605836287  -0.35921304904851081  -0.10737002281589617 
2.1799999999999948e-10  -0.84604350148391338  -0.37359478058685602  -0.10358713419173962 
2.1899999999999948e-10  -0.84303790340284546  -0.38735194792895511  -0.099691530895510305 
2.1999999999999947e-10  -0.8395661453458455  -0.40043582030694913  -0.095690875562297106 
2.2099999999999947e-10  -0.83565242065924672  -0.41279956737169271  -0.091594449607624875 
2.2199999999999947e-10  -0.83132578422234604  -0.42439932237453354  -0.087413053072225522 
2.2299999999999946e-10  -0.82661977081555327  -0.43519520622986019  -0.083158815789560012 
2.2399999999999946e-10  -0.82157179374807721  -0.44515223771825085  -0.078844931648015995 
2.2499999999999946e-10  -0.81622236009325921  -0.4542410647002324  -0.07448533666924978 
2.2599999999999945e-10  -0.81061415669295123  -0.46243846962382679  -0.07009435719180962 
2.2699999999999945e-10  -0.80479107121809268  -0.46972762637561843  -0.065686355834060003 
2.2799999999999945e-10  -0.79879721406534143  -0.47609811041675754  -0.061275400327693845 
2.2899999999999944e-10  -0.79267600059321541  -0.48154568621999944  -0.056874974799019755 
2.2999999999999944e-10  -0.78646934127831347  -0.48607191241829745  -0.052497746075590587 
2.3099999999999943e-10  -0.78021697243563415  -0.48968361442481895  -0.048155390517083466 
2.3199999999999943e-10  -0.77395594473796769  -0.49239227673991071  -0.043858480745122691 
2.3299999999999945e-10  -0.76772027293679301  -0.4942134040483086  -0.039616427031856298 
2.3399999999999945e-10  -0.76154073914976461  -0.49516589341410272  -0.035437465181472283 
2.3499999999999945e-10  -0.7554448339846499  -0.49527145109439275  -0.031328681446256779 
2.3599999999999944e-10  -0.74945681388051422  -0.4945540776370107  -0.027296065093258364 
2.3699999999999944e-10  -0.74359784851020161  -0.4930396341461899  -0.023344580185430747 
2.3799999999999944e-10  -0.73788622883292165  -0.49075549096717008  -0.019478249377846524 
2.3899999999999943e-10  -0.73233760536195924  -0.48773024854693858  -0.015700243695747365 
2.3999999999999943e-10  -0.72696522865261748  -0.48399351118097939  -0.012012973437888945 
2.4099999999999943e-10  -0.72178017028356933  -0.47957569061100636  -0.0084181768890614992 
2.4199999999999942e-10  -0.71679151159295595  -0.47450781973945672  -0.004917005582538124 
2.4299999999999942e-10  -0.71200649696804552  -0.46882136624049986  -0.0015101070289732471 
2.4399999999999942e-10  -0.70743065640047609  -0.46254804802899929  0.0018022926981707023 
2.4499999999999941e-10  -0.70306790705073074  -0.45571966264080188  0.0050203040814760132 
2.4599999999999941e-10  -0.69892064563684175  -0.4483679469001467  0.0081442860406359344 
2.4699999999999941e-10  -0.69498984326638369  -0.44052448086279317  0.011174756062734902 
2.479999999999994e-10  -0.69127515261541927  -0.43222064282629169  0.014112302345848106 
2.489999999999994e-10  -0.68777503436709797  -0.42348761363329973  0.016957502813514509 
2.499999999999994e-10  -0.68448690536594381  -0.41435642175717913  0.019710855391980382 
2.5099999999999939e-10  -0.68140730525675108  -0.40485801736165866  0.022372722568309977 
2.5199999999999939e-10  -0.67853207311454866  -0.39502336332450388  0.024943292299617004 
2.5299999999999938e-10  -0.67585652356003423  -0.38488353251830876  0.027422557697695495 
2.5399999999999938e-10  -0.67337561487038466  -0.37446980193113266  0.029810318921574076 
2.5499999999999938e-10  -0.67108410773102212  -0.36381373499202313  0.032106210460317322 
2.5599999999999937e-10  -0.66897671698715755  -0.35294724412014628  0.034309754021180673 
2.5699999999999937e-10  -0.66704825489638941  -0.34190262635947205  0.036420432220969107 
2.5799999999999937e-10  -0.66529375341352615  -0.33071256566401047  0.038437773885480621 
2.5899999999999936e-10  -0.6637085424685033  -0.31941009539456339  0.040361440683449504 
2.5999999999999936e-10  -0.66228826107920324  -0.30802851394593939  0.042191307633044392 
2.6099999999999936e-10  -0.66102879353401434  -0.29660124619029005  0.043927534734763928 
2.6199999999999935e-10  -0.65992614911833014  -0.28516164506658814  0.045570630542811547 
2.6299999999999935e-10  -0.65897632836590203  -0.27374273212991163  0.047121508855593762 
2.6399999999999935e-10  -0.6581752282995188  -0.26237688305898837  0.048581537054348402 
2.6499999999999934e-10  -0.65751862735110767  -0.25109547274184024  0.049952570962977692 
2.6599999999999934e-10  -0.65700226191176059  -0.23992850257792769  0.051236968945188401 
2.6699999999999934e-10  -0.65662197310977655  -0.22890423776700716  0.052437578903372112 
2.6799999999999933e-10  -0.65637387847802764  -0.21804888277573464  0.053557695918283112 
2.6899999999999933e-10  -0.65625451793668987  -0.2073863183131851  0.0546009940721634 
2.6999999999999933e-10  -0.65626093814883313  -0.19693791420840212  0.055571441459202987 
2.7099999999999932e-10  -0.65639070738611316  -0.18672242231467598  0.056473210644407024 
2.7199999999999932e-10  -0.65664188388923406  -0.17675594517819773  0.057310596888078907 
2.7299999999999932e-10  -0.65701298360881133  -0.16705197191928373  0.058087953415724231 
2.7399999999999931e-10  -0.6575030009538243  -0.15762147276779584  0.058809647916106045 
2.7499999999999931e-10  -0.65811152695850306  -0.14847304610940837  0.059480038802222926 
2.7599999999999931e-10  -0.65883898668279439  -0.13961311383915931  0.060103465039765797 
2.769999999999993e-10  -0.65968698886463084  -0.13104615983914156  0.060684240573253098 
2.779999999999993e-10  -0.66065875382422967  -0.12277500171699594  0.061226643996263104 
2.789999999999993e-10  -0.66175956646713874  -0.11480107881285052  0.061734895976052355 
2.7999999999999929e-10  -0.66299719260927348  -0.10712473258887256  0.06221312047463453 
2.8099999999999929e-10  -0.66438219812616361  -0.099745451737476815  0.062665290168339188 
2.8199999999999928e-10  -0.66592811909644423  -0.092662055547891406  0.063095160730136948 
2.8299999999999928e-10  -0.6676514444768844  -0.08587279554001867  0.063506201941334772 
2.8399999999999928e-10  -0.66957138912771919  -0.079375366015660087  0.063901535266681145 
2.8499999999999927e-10  -0.67170945335192045  -0.073166827099947804  0.064283887189452993 
2.8599999999999927e-10  -0.6740887848640057  -0.067243456833204887  0.06465556531136997 
2.8699999999999927e-10  -0.67673337896848917  -0.061600559613320664  0.065018460508455389 
2.8799999999999926e-10  -0.67966717046623126  -0.056232264587810873  0.065374074232684293 
2.8899999999999926e-10  -0.68291308364819825  -0.051131347774057367  0.065723566442273076 
2.8999999999999926e-10  -0.68649211224277684  -0.046289105085108265  0.066067817500584103 
2.9099999999999925e-10  -0.6904224980871333  -0.041695290800292731  0.06640749705573562 
2.9199999999999925e-10  -0.69471906589923194  -0.037338119578546262  0.066743134124785511 
2.9299999999999925e-10  -0.69939275355535224  -0.033204313306803832  0.067075184600484408 
2.9399999999999924e-10  -0.70445035530614331  -0.029279160883072388  0.067404094266401163 
2.9499999999999924e-10  -0.70989447221707669  -0.025546553000195357  0.067730356461775887 
2.9599999999999924e-10  -0.71572364246217346  -0.021988957199692089  0.068054563571893739 
2.9699999999999923e-10  -0.72193260632189327  -0.018587310758358122  0.068377450808239162 
2.9799999999999923e-10  -0.72851264891914069  -0.015320827835431608  0.068699929794777598 
2.9899999999999923e-10  -0.73545195948516429  -0.012166738468051563  0.069023108690244028 
2.9999999999999922e-10  -0.74273595004319681  -0.009099995660867945  0.069348295045427957 
3.0099999999999922e-10  -0.75034748831047027  -0.0060929990993433148  0.069676977216483443 
3.0199999999999922e-10  -0.75826701733928448  -0.0031153880386619402  0.070010779941983875 
3.0299999999999921e-10  -0.76647255469500919  -0.00013395198990781985  0.070351390013517145 
3.0399999999999921e-10  -0.7749395830158321  0.0028873022374740621  0.07070044949788544 
3.0499999999999921e-10  -0.78364085823730434  0.0059869025356126841  0.071059417285897458 
3.059999999999992e-10  -0.79254616945900758  0.0092054739261881995  0.071429404829096765 
3.069999999999992e-10  -0.8016220849181569  0.012585119380017004  0.07181099783528215 
3.0799999999999919e-10  -0.81083171302433354  0.016168642657156382  0.072204080669040341 
3.0899999999999919e-10  -0.82013449843964392  0.0199986495619939  0.072607682296279702 
3.0999999999999919e-10  -0.82948606401138725  0.024116571603095195  0.073019860589455698 
3.1099999999999918e-10  -0.83883810304450623  0.028561656779024513  0.07343763590419472 
3.1199999999999918e-10  -0.84813832488498264  0.033369965987818113  0.073856976867433935 
3.1299999999999918e-10  -0.85733046035483162  0.038573402399367879  0.074272834021544276 
3.1399999999999917e-10  -0.86635434097408137  0.044198788755152894  0.074679212825143115 
3.1499999999999917e-10  -0.87514607489119511  0.050266998188607456  0.075069277624323777 
3.1599999999999917e-10  -0.88363835038933758  0.05679214108133783  0.075435481830526827 
3.1699999999999916e-10  -0.89176090211955406  0.063780814958194043  0.0757697244369476 
3.1799999999999916e-10  -0.89944117364838594  0.071231435316314803  0.07606353644222788 
3.1899999999999916e-10  -0.90660520134225886  0.079133679265054935  0.076308300642133647 
3.1999999999999915e-10  -0.91317872947675804  0.08746808629009295  0.076495503940200313 
3.2099999999999915e-10  -0.919088546919964  0.096205866565915857  0.076617013728643352 
3.2199999999999915e-10  -0.92426401532597946  0.10530896345446798  0.076665361059625223 
3.2299999999999914e-10  -0.92863874157013671  0.11473040220239773  0.076634005881269174 
3.2399999999999914e-10  -0.93215233654880403  0.12441493428433852  0.076517556300148476 
3.2499999999999914e-10  -0.93475219942146792  0.13429996326132568  0.076311917101439516 
3.2599999999999913e-10  -0.93639526787155769  0.14431672238345875  0.076014353807156654 
3.2699999999999913e-10  -0.93704967409682072  0.15439167288848521  0.075623475807095233 
3.2799999999999913e-10  -0.93669623543377589  0.16444810367354459  0.075139160249168849 
3.2899999999999912e-10  -0.93532968532806682  0.17440792656374099  0.074562449662950711 
3.2999999999999912e-10  -0.93295952239152757  0.18419366023386471  0.073895454417521822 
3.3099999999999912e-10  -0.92961033966411388  0.19373056811842521  0.073141275738585018 
3.3199999999999911e-10  -0.92532151174282684  0.20294886379858718  0.07230394326132282 
3.3299999999999911e-10  -0.92014617329229575  0.2117858398433487  0.071388344145219149 
3.3399999999999911e-10  -0.91414951070084927  0.22018773883742493  0.070400117240654772 
3.349999999999991e-10  -0.90740648648314215  0.22811118798755683  0.069345496646537136 
3.359999999999991e-10  -0.89999919613170298  0.23552406468356099  0.068231107659348103 
3.3699999999999909e-10  -0.89201409925059327  0.24240573654319772  0.067063735236889993 
3.3799999999999909e-10  -0.88353936405770372  0.24874670376013105  0.065850094013019278 
3.3899999999999909e-10  -0.87466252251492282  0.25454774279850784  0.064596628073339671 
3.3999999999999908e-10  -0.86546856638558678  0.25981869484528797  0.063309360677481233 
3.4099999999999908e-10  -0.85603853936773699  0.26457705565406792  0.061993802905894117 
3.4199999999999908e-10  -0.84644861271413685  0.26884650948527028  0.060654919298279195 
3.4299999999999907e-10  -0.83676958235250998  0.27265551806624988  0.059297140151674775 
3.4399999999999907e-10  -0.82706669875846717  0.27603603687102796  0.057924405287377571 
3.4499999999999907e-10  -0.8173997345198345  0.27902239501482451  0.056540222883714748 
3.4599999999999906e-10  -0.80782320231075944  0.28165034752045193  0.055147728807847157 
3.4699999999999906e-10  -0.79838665072323245  0.28395629141003675  0.053749735703960404 
3.4799999999999906e-10  -0.78913498189943831  0.28597662860960649  0.052348765713496094 
3.4899999999999905e-10  -0.7801087508847977  0.28774725610511775  0.050947065114402945 
3.4999999999999905e-10  -0.77134442179785456  0.28930316433710124  0.049546602742148414 
3.5099999999999905e-10  -0.76287457034688355  0.29067812672952636  0.048149056526450143 
3.5199999999999904e-10  -0.75472803518369391  0.29190446588285562  0.046755793816239205 
3.5299999999999904e-10  -0.74693003061110752  0.29301288506931578  0.045367851469685166 
3.5399999999999904e-10  -0.73950223890784295  0.29403235664436694  0.043985921104636803 
3.5499999999999903e-10  -0.73246290150234872  0.29499006086002011  0.042610343583631749 
3.5599999999999903e-10  -0.72582692491553757  0.29591136872220697  0.04124111489172344 
3.5699999999999903e-10  -0.71960601107092792  0.29681986142554451  0.039877903293354333 
3.5799999999999902e-10  -0.71380881402938834  0.29773737788239368  0.038520075478121335 
3.5899999999999902e-10  -0.70844111848138136  0.29868408221205073  0.037166727963126256 
3.5999999999999902e-10  -0.70350603121167576  0.29967854493951102  0.035816719877799851 
3.6099999999999901e-10  -0.69900417615846411  0.3007378339360634  0.034468704548823774 
3.6199999999999901e-10  -0.69493388635930564  0.3018776121088837  0.03312115953070368 
3.62999999999999e-10  -0.69129139087479552  0.30311223736036702  0.031772416913708489 
3.63999999999999e-10  -0.68807100031369417  0.30445485661454502  0.030420696880229608 
3.64999999999999e-10  -0.68526529955107707  0.30591748145574749  0.029064147041934999 
3.6599999999999899e-10  -0.68286535934551063  0.30751103067651553  0.027700888261233216 
3.6699999999999899e-10  -0.68086097851014604  0.30924532696407375  0.02632906519905279 
3.6799999999999899e-10  -0.67924096421492453  0.31112904170015782  0.024946897641375899 
3.6899999999999898e-10  -0.6779934502358369  0.31316959191911115  0.023552727378689346 
3.6999999999999898e-10  -0.67710624334550262  0.31537300367246185  0.022145055256603548 
3.7099999999999898e-10  -0.67656717923883958  0.31774376276934019  0.020722563883604498 
3.7199999999999897e-10  -0.67636446383401694  0.32028467459382631  0.019284123184502386 
3.7299999999999897e-10  -0.6764869748077228  0.32299674911548376  0.017828778341178391 
3.7399999999999897e-10  -0.67692450184674902  0.32587911731402402  0.016355722391597893 
3.7499999999999896e-10  -0.67766791126497172  0.32892897456672193  0.014864258374576689 
3.7599999999999896e-10  -0.67870922941983636  0.33214153873224411  0.01335375775259761 
3.7699999999999896e-10  -0.6800416472709091  0.33551000802947906  0.011823622332653175 
3.7799999999999895e-10  -0.68165945312668397  0.33902550661456421  0.010273255799868259 
3.7899999999999895e-10  -0.68355790117689463  0.34267701242827614  0.0087020485310220531 
3.7999999999999895e-10  -0.68573302117814094  0.34645126998759646  0.0071093762537364586 
3.8099999999999894e-10  -0.68818137291869452  0.35033269813310142  0.0054946102897657102 
3.8199999999999894e-10  -0.69089975100053136  0.35430330797404663  0.0038571354132302493 
3.8299999999999894e-10  -0.69388485180379622  0.3583426488911432  0.0021963711659351184 
3.8399999999999893e-10  -0.69713292284929151  0.36242780043055806  0.00051179354043786489 
3.8499999999999893e-10  -0.70063942117434896  0.36653342540163197  -0.0011970445278614952 
3.8599999999999893e-10  -0.70439870894808831  0.37063189479343678  -0.002930494310739413 
3.8699999999999892e-10  -0.70840381141005382  0.37469348889042792  -0.004688794332008331 
3.8799999999999892e-10  -0.71264625668495629  0.37868667221437574  -0.0064720561279324211 
3.8899999999999892e-10  -0.71711601152718762  0.38257843385739232  -0.0082802542455994582 
3.8999999999999891e-10  -0.7218015219511893  0.38633468042892483  -0.01011322209778588 
3.9099999999999891e-10  -0.726689861097638  0.38992066672779963  -0.011970654333065579 
3.919999999999989e-10  -0.7317669762112341  0.39330144921055665  -0.013852114436309871 
3.929999999999989e-10  -0.73701801196943006  0.39644234859339311  -0.015757043963635014 
3.939999999999989e-10  -0.74242767167731039  0.39930940937395881  -0.017684768115547519 
3.9499999999999889e-10  -0.74798056658863343  0.40186984465106834  -0.019634492221848068 
3.9599999999999889e-10  -0.753661502260076  0.4040924539594673  -0.021605285597852728 
3.9699999999999889e-10  -0.75945566186569635  0.40594800054135605  -0.023596052716568925 
3.9799999999999888e-10  -0.76534866776204502  0.4074095339802003  -0.025605495529586013 
3.9899999999999888e-10  -0.77132652830144022  0.408452645869467  -0.02763207362686795 
3.9999999999999888e-10  -0.77737549927532235  0.40905565069043476  -0.029673969755825848 
4.0099999999999887e-10  -0.78348190208831969  0.40919969048402471  -0.031729066868879323 
4.0199999999999887e-10  -0.78963194117573443  0.40886876842587805  -0.033794939987324156 
4.0299999999999887e-10  -0.79581155310578999  0.40804972126946937  -0.03586886284445024 
4.0399999999999886e-10  -0.80200630439931686  0.40673214293120385  -0.037947826555578906 
4.0499999999999886e-10  -0.80820134030929092  0.40490827155577014  -0.040028566111773398 
4.0599999999999886e-10  -0.81438137677499567  0.40257285124837872  -0.042107590421321672 
4.0699999999999885e-10  -0.82053072347013545  0.39972297825490172  -0.044181212596297426 
4.0799999999999885e-10  -0.82663332565017766  0.39635794007308411  -0.046245578665065158 
4.0899999999999885e-10  -0.8326728140091324  0.39247905462635246  -0.048296694391752291 
4.0999999999999884e-10  -0.838632553753895  0.38808951504737749  -0.050330451078050738 
4.1099999999999884e-10  -0.84449568702759004  0.38319424399402807  -0.052342651951754707 
4.1199999999999884e-10  -0.85024516774651071  0.37779976021792044  -0.054329040936793686 
4.1299999999999883e-10  -0.85586379500585719  0.37191405958226081  -0.056285335218247509 
4.1399999999999883e-10  -0.86133425879403502  0.36554651254508691  -0.05820726210174023 
4.1499999999999883e-10  -0.86663921687853651  0.35870777943490112  -0.06009059938814814 
4.1599999999999882e-10  -0.87176142162515502  0.35140974282377591  -0.061931217128814227 
4.1699999999999882e-10  -0.87668390905012517  0.34366545284505917  -0.063725117493051223 
4.1799999999999882e-10  -0.88139025062468179  0.33548907742001982  -0.065468468764663709 
4.1899999999999881e-10  -0.88586485403421134  0.32689584693378843  -0.06715762925840936 
4.1999999999999881e-10  -0.89009328573076829  0.31790198380389079  -0.068789157239461204 
4.209999999999988e-10  -0.89406257884133411  0.30852461236812273  -0.070359803809403126 
4.219999999999988e-10  -0.8977614869359728  0.29878165258999917  -0.071866487282315761 
4.229999999999988e-10  -0.90118064834949796  0.2886917097786707  -0.07330624979593113 
4.2399999999999879e-10  -0.90431263727273503  0.27827397894915373  -0.074676199536325413 
4.2499999999999879e-10  -0.90715189576283128  0.26754818439847317  -0.075973444546817037 
4.2599999999999879e-10  -0.90969456278801186  0.25653457163844978  -0.077195026171868034 
4.2699999999999878e-10  -0.9119382381795601  0.24525396040939679  -0.078337861448014232 
4.2799999999999878e-10  -0.91388173536781669  0.23372785557162254  -0.079398704047514784 
4.2899999999999878e-10  -0.91552488136356314  0.22197859951854465  -0.080374132527674155 
4.2999999999999877e-10  -0.91686841289113052  0.21002953835697691  -0.081260572346251961 
4.3099999999999877e-10  -0.91791399483390557  0.19790516746985329  -0.082054354143269184 
4.3199999999999877e-10  -0.91866435712577943  0.18563122239109811  -0.082751805433602416 
4.3299999999999876e-10  -0.91912351727258568  0.17323468835308797  -0.083349367140484756 
4.3399999999999876e-10  -0.91929703580933431  0.16074371412182181  -0.083843721926960199 
4.3499999999999876e-10  -0.91919224592286675  0.14818742873104584  -0.084231919563065472 
4.3599999999999875e-10  -0.91881840631252787  0.13559566930807607  -0.084511486257812546 
4.3699999999999875e-10  -0.91818674423624547  0.12299863208549018  -0.084680509356051578 
4.3799999999999875e-10  -0.91731037759849487  0.1104264576862819  -0.084737694296580263 
4.3899999999999874e-10  -0.91620412504697513  0.097908759293403924  -0.084682395127792465 
4.3999999999999874e-10  -0.91488422750840415  0.085474102654465742  -0.084514621713151467 
4.4099999999999874e-10  -0.91336801231610587  0.073149452766432255  -0.084235025965823093 
4.4199999999999873e-10  -0.9116735332200907  0.060959613034824132  -0.083844867368826029 
4.4299999999999873e-10  -0.9098192180814807  0.048926695002124251  -0.083345956597259935 
4.4399999999999873e-10  -0.90782355219178745  0.037069665260542999  -0.082740576654353526 
4.4499999999999872e-10  -0.90570481884513165  0.025404016828849085  -0.082031383669516914 
4.4599999999999872e-10  -0.9034809092348598  0.013941603787256047  -0.081221293288339685 
4.4699999999999871e-10  -0.90116920087020624  0.0026906619678751568  -0.080313361860127316 
4.4799999999999871e-10  -0.89878648944357564  -0.0083439815752310124  -0.079310673231251405 
4.4899999999999871e-10  -0.89634894755941585  -0.019160527972972418  -0.078216241518320836 
4.499999999999987e-10  -0.89387207995327633  -0.029759690026434683  -0.077032938086761524 
4.509999999999987e-10  -0.89137065211329658  -0.040144087467724167  -0.075763447719875948 
4.519999999999987e-10  -0.88885858678998875  -0.050317607823731444  -0.074410255236372222 
4.5299999999999869e-10  -0.88634884510694589  -0.06028478601186036  -0.07297566010405683 
4.5399999999999869e-10  -0.88385332722752219  -0.070050248697083733  -0.071461813366947402 
4.5499999999999869e-10  -0.88138283402349726  -0.079618257253214753  -0.06987076891342818 
4.5599999999999868e-10  -0.87894712281237708  -0.088992367961961971  -0.068204540144382486 
4.5699999999999868e-10  -0.87655506995835164  -0.098175212357969985  -0.066465153599535282 
4.5799999999999868e-10  -0.87421492834505932  -0.10716838688246101  -0.064654692863267693 
4.5899999999999867e-10  -0.87193464653776753  -0.11597243122392402  -0.062775328568499211 
4.5999999999999867e-10  -0.86972220434021197  -0.12458686995239054  -0.060829332877191077 
4.6099999999999867e-10  -0.86758591790358075  -0.13301029222286806  -0.058819078866632339 
4.6199999999999866e-10  -0.86553467485565139  -0.1412404483256853  -0.056747026500340317 
4.6299999999999866e-10  -0.86357807301456424  -0.14927434787932989  -0.054615697331244113 
4.6399999999999866e-10  -0.86172645216772781  -0.15710835050121591  -0.052427640041739443 
4.6499999999999865e-10  -0.85999082468194865  -0.16473824428898953  -0.050185388774451715 
4.659999999999987e-10  -0.85838272509635782  -0.17215930972835103  -0.047891416344080007 
4.669999999999987e-10  -0.85691400895651781  -0.17936636701867681  -0.045548085048503349 
4.6799999999999869e-10  -0.85559663484290094  -0.18635380423194384  -0.04315759878561394 
4.6899999999999869e-10  -0.85444245982070033  -0.1931155832653409  -0.040721961080440253 
4.6999999999999869e-10  -0.85346306828656926  -0.19964522094559323  -0.038242943883119281 
4.7099999999999868e-10  -0.8526696402639572  -0.20593574407979037  -0.035722071269385654 
4.7199999999999868e-10  -0.85207285158200419  -0.21197961942380425  -0.033160620532026619 
4.7299999999999868e-10  -0.85168278880538828  -0.21776866189660074  -0.03055964104846547 
4.7399999999999867e-10  -0.85150885849830527  -0.22329392637551287  -0.027919989351956612 
4.7499999999999867e-10  -0.85155967350096795  -0.22854558977892286  -0.025242377493527198 
4.7599999999999867e-10  -0.85184290661223749  -0.23351283091752878  -0.022527431218214863 
4.7699999999999866e-10  -0.85236511178078789  -0.23818371606267566  -0.019775754550584619 
4.7799999999999866e-10  -0.85313152224104616  -0.24254509872013114  -0.016987997821833085 
4.7899999999999866e-10  -0.8541458424583287  -0.24658254299052254  -0.014164926783426884 
4.7999999999999865e-10  -0.85541005536759285  -0.25028028112908879  -0.011307491208542327 
4.8099999999999865e-10  -0.8569242673195786  -0.25362121701898616  -0.008416892291517852 
4.8199999999999865e-10  -0.85868660930287433  -0.2565869873243764  -0.005494649052684146 
4.8299999999999864e-10  -0.86069320372350455  -0.25915809002909929  -0.002542664409617877 
4.8399999999999864e-10  -0.86293819219528034  -0.26131408528344613  0.00043670893414845077 
4.8499999999999864e-10  -0.8654138046020311  -0.2630338664070625  0.003440604336214867 
4.8599999999999863e-10  -0.8681104380546506  -0.26429599116639657  0.006465582878621646 
4.8699999999999863e-10  -0.8710167111058259  -0.26507905739942023  0.0095075873272247938 
4.8799999999999863e-10  -0.87411946616961078  -0.26536210473733879  0.012561916014387955 
4.8899999999999862e-10  -0.8774037101254436  -0.26512502630906387  0.015623223427624053 
4.8999999999999862e-10  -0.88085250441746443  -0.26434897986305717  0.018685551470324656 
4.9099999999999861e-10  -0.88444683449350292  -0.26301679419185392  0.021742391336171132 
4.9199999999999861e-10  -0.88816549796013899  -0.26111337112154903  0.024786771857370427 
4.9299999999999861e-10  -0.89198504871263273  -0.25862608345383126  0.027811367127499747 
4.939999999999986e-10  -0.8958798226618383  -0.25554516471605049  0.030808614833918939 
4.949999999999986e-10  -0.89982205543979987  -0.25186407898402474  0.033770837207594495 
4.959999999999986e-10  -0.90378209042326263  -0.2475798513471506  0.036690358474860491 
4.9699999999999859e-10  -0.90772867087214693  -0.2426933348395304  0.039559615484417998 
4.9799999999999859e-10  -0.91162931272719105  -0.23720938975649025  0.042371260893451716 
4.9899999999999859e-10  -0.9154507604369746  -0.23113695629468323  0.045118260051200447 
4.9999999999999858e-10  -0.91915953150503804  -0.2244890098981544  0.047793982918996239 
5.0099999999999858e-10  -0.92272255235301481  -0.21728239834821189  0.05039229094349193 
5.0199999999999858e-10  -0.92610787800426808  -0.20953756850413618  0.052907616303281238 
5.0299999999999857e-10  -0.92928547332983913  -0.20127819743177416  0.055335028379398042 
5.0399999999999857e-10  -0.93222801769912955  -0.19253074697834141  0.057670280736771912 
5.0499999999999857e-10  -0.9349116810316076  -0.18332396277484503  0.059909832097125477 
5.0599999999999856e-10  -0.93731680980440824  -0.17368833868446112  0.062050836903818102 
5.0699999999999856e-10  -0.93942845841834188  -0.16365556666751818  0.064091104701207144 
5.0799999999999856e-10  -0.94123670622922062  -0.15325799080905483  0.066029031835916754 
5.0899999999999855e-10  -0.94273671481507004  -0.14252808352387603  0.067863512943799206 
5.0999999999999855e-10  -0.94392850354410607  -0.13149796177613607  0.069593842427756819 
5.1099999999999855e-10  -0.94481645185795693  -0.12019896083366326  0.071219617080710354 
5.1199999999999854e-10  -0.94540856931056949  -0.1086612814350966  0.072740650024380432 
5.1299999999999854e-10  -0.94571560355145101  -0.096913722181713194  0.074156903534024557 
5.1399999999999854e-10  -0.94575007668282096  -0.084983502090646021  0.075468444766245701 
5.1499999999999853e-10  -0.94552534791297105  -0.072896169264671212  0.076675424700505049 
5.1599999999999853e-10  -0.94505479361241629  -0.060675582285630136  0.077778077434040235 
5.1699999999999852e-10  -0.94435117564419635  -0.048343943531682691  0.078776734735613668 
5.1799999999999852e-10  -0.94342623840872886  -0.035921860296283477  0.079671849541917611 
5.1899999999999852e-10  -0.94229053962486586  -0.023428411566298123  0.080464021727838106 
5.1999999999999851e-10  -0.94095348592333761  -0.010881205360779134  0.081154019809031891 
5.2099999999999851e-10  -0.93942351834381566  0.0017035781342195958  0.081742793135999234 
5.2199999999999851e-10  -0.93770837974468568  0.014311151641131992  0.082231470591807368 
5.229999999999985e-10  -0.93581539792662283  0.026928079983876124  0.08262134376199029 
5.239999999999985e-10  -0.93375173322679539  0.039542216168546744  0.082913834806552081 
5.249999999999985e-10  -0.93152456246669257  0.052142599724611813  0.083110451466525445 
5.2599999999999849e-10  -0.92914119561728148  0.064719310073330302  0.083212733375495465 
5.2699999999999849e-10  -0.92660914080969359  0.077263277598285246  0.083222194850335468 
5.2799999999999849e-10  -0.92393614297973148  0.089766064707633  0.083140269569900324 
5.2899999999999848e-10  -0.92113022042245851  0.1022196360293372  0.082968262164433787 
5.2999999999999848e-10  -0.91819971409213486  0.11461613947778318  0.082707310914849147 
5.3099999999999848e-10  -0.91515335113887275  0.12694771800954829  0.082358364591336414 
5.3199999999999847e-10  -0.91200031214646615  0.13920636628138677  0.081922174941111037 
5.3299999999999847e-10  -0.90875028513230505  0.15138383867973873  0.081399304488364216 
5.3399999999999847e-10  -0.9054134907429604  0.16347160709815192  0.080790147337473112 
5.3499999999999846e-10  -0.90200067159364139  0.17546086001846678  0.080094959010698213 
5.3599999999999846e-10  -0.89852305106265418  0.18734253006203613  0.079313890554014402 
5.3699999999999846e-10  -0.89499227810478599  0.19910733574764436  0.078447022604728148 
5.3799999999999845e-10  -0.89142037990626477  0.21074582458949545  0.077494396802005136 
5.3899999999999845e-10  -0.88781974063413427  0.22224840819952604  0.07645604428376776 
5.3999999999999845e-10  -0.88420311273750929  0.23360538470568218  0.075332013144979726 
5.4099999999999844e-10  -0.88058365131876104  0.24480694850284884  0.074122397751749808 
5.4199999999999844e-10  -0.87697494807581533  0.25584319124952243  0.072827372255990522 
5.4299999999999844e-10  -0.87339103481573865  0.26670410053237109  0.071447228723020409 
5.4399999999999843e-10  -0.86984633037138881  0.27737956342349773  0.069982417723743542 
5.4499999999999843e-10  -0.86635551785912801  0.28785938113649961  0.068433587044869043 
5.4599999999999842e-10  -0.86293335719687103  0.29813329825722512  0.066801613140069285 
5.4699999999999842e-10  -0.85959445475925678  0.30819104602047531  0.065087620392497311 
5.4799999999999842e-10  -0.85635302283495551  0.3180223946689848  0.0632929849447188 
5.4899999999999841e-10  -0.85322266351265064  0.32761720622750501  0.061419322183175772 
5.4999999999999841e-10  -0.85021620517298857  0.33696547721766035  0.059468459313807537 
5.5099999999999841e-10  -0.84734560776378576  0.34605736166695467  0.057442396424968005 
5.519999999999984e-10  -0.84462193937303298  0.35488316820679766  0.055343260874848053 
5.529999999999984e-10  -0.84205541472194911  0.36343333028857561  0.053173260791364294 
5.539999999999984e-10  -0.83965547812119445  0.37169835423697489  0.050934643931796829 
5.5499999999999839e-10  -0.83743090967114564  0.37966875461663852  0.048629667986601614 
5.5599999999999839e-10  -0.83538993343668089  0.38733498918464376  0.046260587418743851 
5.5699999999999839e-10  -0.83354030890722952  0.394687406079551  0.043829659981858143 
5.5799999999999838e-10  -0.83188939120613259  0.40171621395510215  0.041339173270860924 
5.5899999999999838e-10  -0.83044415048112974  0.40841148201769467  0.038791488431191602 
5.5999999999999838e-10  -0.82921114627577142  0.41476317214634262  0.036189095103188192 
5.6099999999999837e-10  -0.82819645824424859  0.42076120034942843  0.033534669464036077 
5.6199999999999837e-10  -0.82740558009463294  0.42639552059657904  0.030831126361502894 
5.6299999999999837e-10  -0.82684328863271217  0.43165622121374364  0.028081657228297804 
5.6399999999999836e-10  -0.82651350345071606  0.43653362287372932  0.025289747588508507 
5.6499999999999836e-10  -0.8264191542917485  0.44101836770390201  0.022459171076663599 
5.6599999999999836e-10  -0.82656207179341923  0.44510149080259226  0.019593960369810388 
5.6699999999999835e-10  -0.82694291304942658  0.44877446798491683  0.016698358660960384 
5.6799999999999835e-10  -0.82756112672550719  0.45202923638416598  0.013776757782857453 
5.6899999999999835e-10  -0.82841495445227142  0.45485818732459876  0.010833630514411717 
5.6999999999999834e-10  -0.82950145756267679  0.45725413359196537  0.0078734648410381039 
5.7099999999999834e-10  -0.83081655291520129  0.45921025592703041  0.0049007070344232228 
5.7199999999999833e-10  -0.8323550403048019  0.46072003626038516  0.0019197185786577794 
5.7299999999999833e-10  -0.83411060765615308  0.46177718766721776  -0.0010652504159234578 
5.7399999999999833e-10  -0.83607580816867244  0.46237559274762102  -0.0040500710951943547 
5.7499999999999832e-10  -0.83824201365216799  0.46250926250321456  -0.0070307307918537317 
5.7599999999999832e-10  -0.84059935738005587  0.46217232630759469  -0.010003315945445509 
5.7699999999999832e-10  -0.8431366850643125  0.46135906021093703  -0.012963986331487631 
5.7799999999999831e-10  -0.84584153251735683  0.46006395609203521  -0.015908943731359992 
5.7899999999999831e-10  -0.84870014354970746  0.45828182904668391  -0.018834397801695834 
5.7999999999999831e-10  -0.85169753357779843  0.45600795599661947  -0.021736531664414662 
5.809999999999983e-10  -0.85481759592426565  0.45323823569764582  -0.024611469737795672 
5.819999999999983e-10  -0.85804324121540443  0.44996935946798605  -0.02745525041333793 
5.829999999999983e-10  -0.86135655692439739  0.44619898280800246  -0.030263806051357259 
5.8399999999999829e-10  -0.86473897409012479  0.44192588999288235  -0.033032952155711934 
5.8499999999999829e-10  -0.86817143083161141  0.43715014596223989  -0.03575838643437803 
5.8599999999999829e-10  -0.87163452645879513  0.43187323188602367  -0.038435696962770591 
5.8699999999999828e-10  -0.87510866484913929  0.42609816245341997  -0.041060377238089377 
5.8799999999999828e-10  -0.87857419059609199  0.41982958421927141  -0.043627844974748843 
5.8899999999999828e-10  -0.88201152550073025  0.41307385525571455  -0.046133461340894466 
5.8999999999999827e-10  -0.88540131532773281  0.40583910674363555  -0.048572548044109598 
5.9099999999999827e-10  -0.88872459634369239  0.39813528673402898  -0.050940401073012932 
5.9199999999999827e-10  -0.89196298733126456  0.38997418496046188  -0.053232301638740348 
5.9299999999999826e-10  -0.89509890581667739  0.38136943551185626  -0.055443526487061724 
5.9399999999999826e-10  -0.89811579871093339  0.37233649208160186  -0.057569360824648565 
5.9499999999999826e-10  -0.90099836996877158  0.36289256941054721  -0.059605117298456335 
5.9599999999999825e-10  -0.90373278383114841  0.3530565453734279  -0.061546163686260105 
5.9699999999999825e-10  -0.9063068233731788  0.34284882133320849  -0.063387960378246802 
5.9799999999999825e-10  -0.90870999033018129  0.33229114352475053  -0.06512610677362167 
5.9899999999999824e-10  -0.91093354166358853  0.32140639418891609  -0.066756393907087236 
5.9999999999999824e-10  -0.91297046815854843  0.31021836640428646  -0.068274859407335381 
6.0099999999999823e-10  -0.91481542770821656  0.29875153959203371  -0.069677840503544017 
6.0199999999999823e-10  -0.91646464914814452  0.28703087261416388  -0.070962021204753159 
6.0299999999999823e-10  -0.91791582149750595  0.27508162822145593  -0.072124470749303948 
6.0399999999999822e-10  -0.91916797963139152  0.26292923714818645  -0.073162671642532984 
6.0499999999999822e-10  -0.92022139285054627  0.25059920374657135  -0.074074536780908182 
6.0599999999999822e-10  -0.92107745942518515  0.2381170491327162  -0.074858416102574765 
6.0699999999999821e-10  -0.92173860893130311  0.22550828345902474  -0.07551309382618733 
6.0799999999999821e-10  -0.92220821488011684  0.21279839663227199  -0.076037777668299694 
6.0899999999999821e-10  -0.92249052168937529  0.20001285647882391  -0.076432081563942503 
6.099999999999982e-10  -0.92259059108677199  0.18717710454892866  -0.076696003472472823 
6.109999999999982e-10  -0.92251427250641305  0.17431654184303533  -0.076829899903598051 
6.119999999999982e-10  -0.922268199565626  0.16145649918706076  -0.076834458834135866 
6.1299999999999819e-10  -0.92185981068553813  0.14862218938180455  -0.076710672616830969 
6.1399999999999819e-10  -0.92129738730994915  0.13583864035856863  -0.076459812207124653 
6.1499999999999819e-10  -0.92059009916507228  0.12313061026038401  -0.07608340352216085 
6.1599999999999818e-10  -0.91974804361251083  0.11052248659212761  -0.075583206094013866 
6.1699999999999818e-10  -0.91878226593445567  0.098038172367917509  -0.074961193592675474 
6.1799999999999818e-10  -0.91770474930546497  0.085700962617944063  -0.074219535505244391 
6.1899999999999817e-10  -0.91652836667416093  0.073533414847047562  -0.073360579407399332 
6.1999999999999817e-10  -0.91526679099127062  0.061557217253956624  -0.072386833818542204 
6.2099999999999817e-10  -0.91393436449940535  0.049793058911443637  -0.071300952376707236 
6.2199999999999816e-10  -0.91254593184476585  0.038260506784108299  -0.070105720677921354 
6.2299999999999816e-10  -0.91111664561215167  0.026977895368544797  -0.06880404729050027 
6.2399999999999816e-10  -0.90966175656267112  0.01596223561305311  -0.067398960019723883 
6.2499999999999815e-10  -0.90819640403238822  0.0052291501624638923  -0.065893607530978018 
6.2599999999999815e-10  -0.90673542377196625  -0.0052071586200748473  -0.064291265223100552 
6.2699999999999815e-10  -0.90529318985861562  -0.015333903330124452  -0.062595343172460793 
6.2799999999999814e-10  -0.90388350340536949  -0.025139667652694042  -0.060809393392636836 
6.2899999999999814e-10  -0.90251953374857574  -0.03461432691700473  -0.05893711374326132 
6.2999999999999813e-10  -0.90121380887934333  -0.043748940396180276  -0.056982346507454339 
6.3099999999999813e-10  -0.89997824322384967  -0.052535626167072906  -0.054949070686299159 
6.3199999999999813e-10  -0.89882418476972525  -0.060967431092535183  -0.052841388113050003 
6.3299999999999812e-10  -0.89776246165694462  -0.069038207985899228  -0.050663504315238139 
6.3399999999999812e-10  -0.89680341118685203  -0.076742509329983388  -0.048419705531806877 
6.3499999999999812e-10  -0.89595688090548087  -0.084075502678555722  -0.046114333438523551 
6.3599999999999811e-10  -0.89523220009073667  -0.091032908066807736  -0.043751759036100138 
6.3699999999999811e-10  -0.89463812824835387  -0.097610953462619596  -0.041336356910492082 
6.3799999999999811e-10  -0.89418279292311309  -0.103806341323035  -0.038872480760083476 
6.389999999999981e-10  -0.89387363086149085  -0.10961621806867353  -0.036364440754461727 
6.399999999999981e-10  -0.89371734405962544  -0.11503813869395993  -0.033816482993883817 
6.409999999999981e-10  -0.89371987642026252  -0.12007002042184027  -0.03123277113087625 
6.4199999999999809e-10  -0.89388640945112918  -0.12471008180087433  -0.028617370146206952 
6.4299999999999809e-10  -0.89422136883109671  -0.12895676648087087  -0.025974232371206347 
6.4399999999999809e-10  -0.89472842960038568  -0.13280865373876444  -0.023307186112265756 
6.4499999999999808e-10  -0.89541050717579707  -0.13626436038026293  -0.020619927613037999 
6.4599999999999808e-10  -0.89626972422713724  -0.13932244066310631  -0.017916017493854672 
6.4699999999999808e-10  -0.89730734860148165  -0.14198129213968924  -0.015198883110075194 
6.4799999999999807e-10  -0.89852370338259024  -0.14423907562251448  -0.012471828331687359 
6.4899999999999807e-10  -0.89991805533510638  -0.14609365677739788  -0.0097380519464583086 
6.4999999999999807e-10  -0.90148849143371779  -0.14754257524578759  -0.0070006751731532231 
6.5099999999999806e-10  -0.90323179462821646  -0.14858304493306518  -0.0042627776876792006 
6.5199999999999806e-10  -0.90514332974088485  -0.14921198650872022  -0.0015274402818271149 
6.5299999999999806e-10  -0.90721694902275007  -0.14942609060330023  0.0012022089387675001 
6.5399999999999805e-10  -0.90944492499089336  -0.14922190798014043  0.0039229487447254375 
6.5499999999999805e-10  -0.91181791610515561  -0.14859596136651076  0.0066314234879860535 
6.5599999999999804e-10  -0.91432496875484381  -0.14754487282426729  0.0093241099072439246 
6.5699999999999804e-10  -0.91695355692584435  -0.14606550059835943  0.01199729443391306 
6.5799999999999804e-10  -0.91968965884853837  -0.14415508025306978  0.014647061858143061 
6.5899999999999803e-10  -0.92251786805110125  -0.14181136639753589  0.017269294712680433 
6.5999999999999803e-10  -0.92542153481281386  -0.1390327730770928  0.019859681640835534 
6.6099999999999803e-10  -0.92838293322213183  -0.13581851252252808  0.022413732558590575 
6.6199999999999802e-10  -0.93138344888486702  -0.13216873294717327  0.024926798609273479 
6.6299999999999802e-10  -0.93440378254170742  -0.1280846561171432  0.027394095546922043 
6.6399999999999802e-10  -0.93742416505085946  -0.12356871439153297  0.029810729957935805 
6.6499999999999801e-10  -0.94042457906445653  -0.1186246850509704  0.032171728333778085 
6.6599999999999801e-10  -0.94338498225165435  -0.11325781750256739  0.034472069254699533 
6.6699999999999801e-10  -0.94628552640665053  -0.10747494700941106  0.036706718824837822 
6.67999999999998e-10  -0.94910676673442551  -0.10128458752881699  0.03887066915291696 
6.68999999999998e-10  -0.95182985647245544  -0.09469699640002209  0.040958979306417558 
6.69999999999998e-10  -0.95443672389421019  -0.087724205007469552  0.042966817948780905 
6.7099999999999799e-10  -0.95691023129932162  -0.080380011859861822  0.044889506855337491 
6.7199999999999799e-10  -0.95923431809287818  -0.072679937280797399  0.046722564625352014 
6.7299999999999799e-10  -0.96139413164019527  -0.064641141592125792  0.048461750019593665 
6.7399999999999798e-10  -0.96337614963547502  -0.056282310879056899  0.050103104317141434 
6.7499999999999798e-10  -0.96516829613541466  -0.047623515917560685  0.051642991849459689 
6.7599999999999798e-10  -0.96676005067004667  -0.038686050542823681  0.053078137504268916 
6.7699999999999797e-10  -0.96814254687087764  -0.029492255685777059  0.054405659665953815 
6.7799999999999797e-10  -0.96930865485539808  -0.020065334624082127  0.055623096968432123 
6.7899999999999797e-10  -0.97025304088613473  -0.010429163863474963  0.056728427508425758 
6.7999999999999796e-10  -0.97097219874532215  -0.00060810271936516944  0.057720079792354252 
6.8099999999999796e-10  -0.9714644494230682  0.0093731966087502918  0.058596935508650458 
6.8199999999999796e-10  -0.97172990834255613  0.019489977583821292  0.059358324972786591 
6.8299999999999795e-10  -0.97177042165340299  0.029717565892819403  0.060004016532541768 
6.8399999999999795e-10  -0.97158947464269652  0.040031552950120036  0.060534201204153523 
6.8499999999999794e-10  -0.97119207603840252  0.050407974139651687  0.060949473370725628 
6.8599999999999794e-10  -0.97058462231682974  0.060823478113789249  0.0612508077200523 
6.8699999999999794e-10  -0.96977474661902541  0.071255482120836766  0.06143953203428066 
6.8799999999999793e-10  -0.96877115789342938  0.081682307631612633  0.061517295248142131 
6.8899999999999793e-10  -0.96758347736222328  0.092083290843276266  0.061486030503719827 
6.8999999999999793e-10  -0.96622208087402839  0.10243886402496059  0.061347913683411422 
6.9099999999999792e-10  -0.96469795642880041  0.11273060586297527  0.061105318857808302 
6.9199999999999792e-10  -0.96302258548306252  0.122941261433212  0.060760772924505213 
6.9299999999999792e-10  -0.96120785425151212  0.13305473457280415  0.060316912170694084 
6.9399999999999791e-10  -0.95926599729975204  0.14305605678246047  0.059776443442732641 
6.9499999999999791e-10  -0.95720957092488967  0.15293133720051058  0.059142112089317467 
6.9599999999999791e-10  -0.95505144909220296  0.16266769781239931  0.058416678017289898 
6.969999999999979e-10  -0.95280483102091607  0.17225319728880364  0.057602900252474255 
6.979999999999979e-10  -0.95048324765693692  0.18167674612857401  0.056703529490999958 
6.989999999999979e-10  -0.94810055459862153  0.19092801543376126  0.055721307352234128 
6.9999999999999789e-10  -0.94567090144819799  0.19999734173166045  0.054658970439764233 
7.0099999999999789e-10  -0.94320867152757659  0.20887563060493405  0.0535192568971238 
7.0199999999999789e-10  -0.9407283906438032  0.21755426218074259  0.052304912938328035 
7.0299999999999788e-10  -0.93824460826555101  0.2260250014754567  0.051018696892066437 
7.0399999999999788e-10  -0.93577175833070136  0.23427991607497273  0.049663378678202828 
7.0499999999999788e-10  -0.93332400943388594  0.24231130275848145  0.048241733352192992 
7.0599999999999787e-10  -0.93091511512829228  0.25011162372373108  0.046756528345114463 
7.0699999999999787e-10  -0.92855827460596618  0.25767345236122197  0.045210505145047715 
7.0799999999999787e-10  -0.92626601241313455  0.26498942826532113  0.04360635720449884 
7.0899999999999786e-10  -0.92405008354356333  0.27205222137762547  0.041946706616187164 
7.0999999999999786e-10  -0.92192140764744612  0.27885450565354564  0.040234082434320813 
7.1099999999999785e-10  -0.9198900334932375  0.28538894313617008  0.038470903382441711 
7.1199999999999785e-10  -0.91796513239007671  0.2916481795303989  0.036659467126352499 
7.1299999999999785e-10  -0.91615501709657754  0.29762485212497736  0.034801947414520973 
7.1399999999999784e-10  -0.91446718088431234  0.30331161020049452  0.032900399351660829 
7.1499999999999784e-10  -0.91290835001790049  0.30870114702336138  0.030956772044432593 
7.1599999999999784e-10  -0.91148454212812802  0.313786241381033  0.028972927011379684 
7.1699999999999783e-10  -0.91020112293858879  0.31855980559996577  0.026950660228306059 
7.1799999999999783e-10  -0.90906285460590175  0.32301493629745365  0.024891725576346519 
7.1899999999999783e-10  -0.90807393044662532  0.32714496386681868  0.022797857778783931 
7.1999999999999782e-10  -0.90723799280604145  0.3309434969090953  0.020670793562833155 
7.2099999999999782e-10  -0.90655813293877874  0.33440445844802691  0.018512290592950956 
7.2199999999999782e-10  -0.9060368736729576  0.33752211167807372  0.016324144486175956 
7.2299999999999781e-10  -0.90567613704018668  0.34029107403579256  0.014108204750702139 
7.2399999999999781e-10  -0.90547719983602037  0.34270631938757151  0.011866390665540695 
7.2499999999999781e-10  -0.90544064027869842  0.3447631689637809  0.0096007079111547367 
7.259999999999978e-10  -0.90556627879598106  0.34645727228864864  0.0073132662290817047 
7.269999999999978e-10  -0.90585311585364947  0.34778457979590593  0.0050062976681718658 
7.279999999999978e-10  -0.90629927000593935  0.3487413091942751  0.0026821742492669754 
7.2899999999999779e-10  -0.9069019201888886  0.34932390808438341  0.00034342334484936378 
7.2999999999999779e-10  -0.90765725758322335  0.3495290159134265  -0.0020072611079917377 
7.3099999999999779e-10  -0.90856045370899685  0.34935342906564448  -0.0043670131718128221 
7.3199999999999778e-10  -0.90960565213793532  0.34879407358839715  -0.0067327961584190679 
7.3299999999999778e-10  -0.9107859907170921  0.34784799052275617  -0.0091014104760868079 
7.3399999999999778e-10  -0.91209365918132079  0.34651233880693483  -0.011469506927286566 
7.3499999999999777e-10  -0.91351999364950232  0.34478442007777743  -0.013833603447835069 
7.3599999999999777e-10  -0.91505560536271446  0.34266172836257464  -0.016190102831442225 
7.3699999999999777e-10  -0.91669053700465331  0.34014202572863489  -0.018535309064932365 
7.3799999999999776e-10  -0.91841443689757074  0.33722344266154602  -0.020865440491194563 
7.3899999999999776e-10  -0.920216739848989  0.33390459956478308  -0.023176638982652781 
7.3999999999999775e-10  -0.92208684356445514  0.33018474361071393  -0.025464975434128904 
7.4099999999999775e-10  -0.92401427105575262  0.32606389347927162  -0.027726452932664576 
7.4199999999999775e-10  -0.92598881182286463  0.32154298347711613  -0.029957009719846064 
7.4299999999999774e-10  -0.92800063718279269  0.31662399823952114  -0.032152524376209371 
7.4399999999999774e-10  -0.9300403874983757  0.31131008970907004  -0.034308825456780302 
7.4499999999999774e-10  -0.93209923098530634  0.30560566932320848  -0.036421707115047976 
7.4599999999999773e-10  -0.93416889522349711  0.29951647022437611  -0.038486951187262322 
7.4699999999999773e-10  -0.93624167358972898  0.29304957665900078  -0.040500354967314273 
7.4799999999999773e-10  -0.93831040972304369  0.28621342031148023  -0.042457762728700991 
7.4899999999999772e-10  -0.94036846393920104  0.27901774582789851  -0.044355098185695718 
7.4999999999999772e-10  -0.94240966622758682  0.27147354990594175  -0.046188394714128583 
7.5099999999999772e-10  -0.94442826099178379  0.26359299979136103  -0.047953820353446412 
7.5199999999999771e-10  -0.94641884887906813  0.25538933766644512  -0.049647695343969643 
7.5299999999999771e-10  -0.94837633074811156  0.24687677724050996  -0.05126650106431075 
7.5399999999999771e-10  -0.95029585799617944  0.23807039802156843  -0.052806880500857599 
7.549999999999977e-10  -0.9521727921719646  0.22898604154843372  -0.054265631562973066 
7.559999999999977e-10  -0.95400267520993687  0.21964021261442931  -0.055639695447142104 
7.569999999999977e-10  -0.9557812099821319  0.21004998747595699  -0.05692614271593379 
7.5799999999999769e-10  -0.95750424943323797  0.20023293033440315  -0.058122159750780979 
7.5899999999999769e-10  -0.95916779157795173  0.19020701897867209  -0.059225037809425951 
7.5999999999999769e-10  -0.96076797725733909  0.17999058023491851  -0.060232166190432562 
7.6099999999999768e-10  -0.962301087850017  0.16960223561271878  -0.061141030142369511 
7.6199999999999768e-10  -0.96376354108516515  0.15906085713567586  -0.061949213327252874 
7.6299999999999768e-10  -0.96515188456933709  0.14838553277613575  -0.06265440400720497 
7.6399999999999767e-10  -0.96646278836631161  0.13759554026491735  -0.063254403773098905 
7.6499999999999767e-10  -0.96769303960949282  0.12671032747255112  -0.063747137613170357 
7.6599999999999767e-10  -0.96883954327976596  0.11574949721421166  -0.064130664396814863 
7.6699999999999766e-10  -0.96989933358066849  0.10473279430817124  -0.064403187328942305 
7.6799999999999766e-10  -0.97086959955773722  0.093680093010048329  -0.064563064474333437 
7.6899999999999765e-10  -0.9717477267455279  0.082611383448822448  -0.064608819909005896 
7.6999999999999765e-10  -0.97253135397354729  0.071546756244362894  -0.064539156300845876 
7.7099999999999765e-10  -0.97321844156395343  0.060506384927343615  -0.064352969684929248 
7.7199999999999764e-10  -0.97380734468844377  0.049510506001172898  -0.064049366882202377 
7.7299999999999764e-10  -0.97429688426165961  0.038579396458671825  -0.063627685485093052 
7.7399999999999764e-10  -0.97468640785267002  0.027733348359854325  -0.063087515721491044 
7.7499999999999763e-10  -0.97497583475921734  0.016992639819829205  -0.062428722950491206 
7.7599999999999763e-10  -0.97516568228305556  0.0063775015910492094  -0.061651469167950827 
7.7699999999999763e-10  -0.9752570737303029  -0.0040919215399925872  -0.060756231796022839 
7.7799999999999762e-10  -0.9752517319519578  -0.014395615049272172  -0.05974381822937954 
7.7899999999999762e-10  -0.97515196460567133  -0.024513744711818865  -0.058615375079368696 
7.7999999999999762e-10  -0.97496064825727102  -0.034426711889206832  -0.057372391706529101 
7.8099999999999761e-10  -0.97468121777162653  -0.044115213104874929  -0.056016698333601983 
7.8199999999999761e-10  -0.97431766533467068  -0.05356030264420255  -0.054550459644326608 
7.8299999999999761e-10  -0.97387455035497184  -0.062743456836954828  -0.052976165174403553 
7.839999999999976e-10  -0.97335701805069708  -0.071646638789722036  -0.051296617911618721 
7.849999999999976e-10  -0.97277082142693061  -0.080252362544498551  -0.049514922328125384 
7.859999999999976e-10  -0.97212233920027458  -0.088543755838197194  -0.047634472623827299 
7.8699999999999759e-10  -0.97141858144643112  -0.096504620746076367  -0.045658941377078037 
7.8799999999999759e-10  -0.97066717546697645  -0.10411949148523415  -0.043592268219045174 
7.8899999999999759e-10  -0.96987632643118837  -0.1113736885619694  -0.04143864770899381 
7.8999999999999758e-10  -0.96905475033281274  -0.11825336832620396  -0.039202515390320179 
7.9099999999999758e-10  -0.96821158015259057  -0.12474556689660989  -0.036888531092524851 
7.9199999999999758e-10  -0.96735624926294217  -0.13083823736164962  -0.034501558886348808 
7.9299999999999757e-10  -0.96649835858403133  -0.13652027913743561  -0.032046643614496828 
7.9399999999999757e-10  -0.96564753550309745  -0.14178155836469827  -0.0295289844906098 
7.9499999999999756e-10  -0.96481329298898078  -0.14661291827247366  -0.026953906760929226 
7.9599999999999756e-10  -0.96400489671338518  -0.15100617858357709  -0.024326832754956878 
7.9699999999999756e-10  -0.96323124648826752  -0.15495412336893299  -0.021653253754372933 
7.9799999999999755e-10  -0.96250077618480179  -0.15845047734248952  -0.018938703976226733 
7.9899999999999755e-10  -0.96182137382340571  -0.16148987143515961  -0.016188737638778129 
7.9999999999999755e-10  -0.96120032106843201  -0.16406779951802675  -0.013408909633790074 
8.0099999999999754e-10  -0.96064424929489878  -0.16618056920106775  -0.010604759860076947 
8.0199999999999754e-10  -0.96015910803112114  -0.16782525050353636  -0.0077818008652921454 
8.0299999999999754e-10  -0.95975014111296852  -0.1689996266706956  -0.0049455081579614472 
8.0399999999999753e-10  -0.95942186631430271  -0.16970215135471506  -0.0021013124192422188 
8.0499999999999753e-10  -0.95917805534590317  -0.16993191574369909  0.00074540713763155417 
8.0599999999999753e-10  -0.95902171258932289  -0.16968862808711269  0.0035893288687352878 
8.0699999999999752e-10  -0.958955052345838  -0.16897260660466912  0.0064251946440432124 
8.0799999999999752e-10  -0.95897947539724548  -0.16778478521752963  0.0092478157604787281 
8.0899999999999752e-10  -0.95909554612723991  -0.16612673015454019  0.012052078714747162 
8.0999999999999751e-10  -0.95930297138153686  -0.16400066447164299  0.014832950565306998 
8.1099999999999751e-10  -0.95960058187412223  -0.16140949701286506  0.017585483557051793 
8.1199999999999751e-10  -0.95998631658201738  -0.15835685237295122  0.020304818743639257 
8.129999999999975e-10  -0.96045721048731703  -0.15484709893585302  0.022986188504171574 
8.139999999999975e-10  -0.96100938635851307  -0.15088537291993501  0.025624918071352556 
8.149999999999975e-10  -0.96163805196450858  -0.14647759736929011  0.028216426410851102 
8.1599999999999749e-10  -0.96233750496292947  -0.14163049598742394  0.03075622696040323 
8.1699999999999749e-10  -0.96310114838975613  -0.13635160243890976  0.033239928811987465 
8.1799999999999749e-10  -0.96392151990907482  -0.13064926613367789  0.035663238887310281 
8.1899999999999748e-10  -0.96479033758922161  -0.12453265552684115  0.038021965530541331 
8.1999999999999748e-10  -0.96569856396215736  -0.11801175966600212  0.040312023759519228 
8.2099999999999748e-10  -0.96663648867249807  -0.1110973882115173  0.042529442223160345 
8.2199999999999747e-10  -0.96759382842092501  -0.1038011695869747  0.044670371747447368 
8.2299999999999747e-10  -0.96855984146284069  -0.096135546427119772  0.046731095235113929 
8.2399999999999746e-10  -0.96952345288713215  -0.088113767187659855  0.048708038611762663 
8.2499999999999746e-10  -0.97047338640329672  -0.079749872727781945  0.050597782463189092 
8.2599999999999746e-10  -0.97139829841494474  -0.071058676880910734  0.052397073962255118 
8.2699999999999745e-10  -0.97228691065178319  -0.062055740450607008  0.05410283862976404 
8.2799999999999745e-10  -0.97312813840867307  -0.052757338620976653  0.055712191428322372 
8.2899999999999745e-10  -0.97391121231716227  -0.043180422338446052  0.057222446689259722 
8.2999999999999744e-10  -0.9746257923861974  -0.033342574677727201  0.058631126463868269 
8.3099999999999744e-10  -0.97526207366745254  -0.023261963439851908  0.059935967095403365 
8.3199999999999744e-10  -0.97581088324945919  -0.012957291182248358  0.061134924109311796 
8.3299999999999743e-10  -0.97626376834646988  -0.0024477435585077583  0.062226175849446716 
8.3399999999999743e-10  -0.97661307507058515  0.0082470636660882043  0.063208126547212182 
8.3499999999999743e-10  -0.97685201716774617  0.019107139113825364  0.064079409598450224 
8.3599999999999742e-10  -0.97697473371049459  0.030112172436284078  0.064838891678979257 
8.3699999999999742e-10  -0.97697633462535061  0.041241593907414956  0.065485677963035158 
8.3799999999999742e-10  -0.97685293309270516  0.052474637635282234  0.066019118203681088 
8.3899999999999741e-10  -0.97660166430707096  0.06379040861811841  0.066438812928081556 
8.3999999999999741e-10  -0.97622069073239215  0.075167953232144452  0.066744618641606843 
8.4099999999999741e-10  -0.9757091946603752  0.086586332055186718  0.066936650834403699 
8.419999999999974e-10  -0.97506735938924449  0.098024693355721351  0.067015283781419993 
8.429999999999974e-10  -0.97429634054805903  0.10946234522838574  0.066981146577579961 
8.439999999999974e-10  -0.9733982289727392  0.12087882429064674  0.066835115441451862 
8.4499999999999739e-10  -0.9723760061918022  0.13225395906609519  0.06657830290809541 
8.4599999999999739e-10  -0.9712334931954788  0.14356792661706519  0.066212044978523538 
8.4699999999999739e-10  -0.96997529295008622  0.1548013015791142  0.065737887507056988 
8.4799999999999738e-10  -0.96860672722557617  0.16593509741303833  0.065157573059405616 
8.4899999999999738e-10  -0.96713376874427759  0.17695080034903116  0.064473029196850301 
8.4999999999999737e-10  -0.96556297030880289  0.18783039707597207  0.063686358714924063 
8.5099999999999737e-10  -0.96390139320127455  0.19855639764961325  0.062799831889297816 
8.5199999999999737e-10  -0.96215653751429309  0.20911185528537579  0.061815880353080284 
8.5299999999999736e-10  -0.96033627699196833  0.21948038461506769  0.060737091919380079 
8.5399999999999736e-10  -0.958448800366964  0.22964617961605296  0.059566205506195645 
8.5499999999999736e-10  -0.95650256016330515  0.23959403181843017  0.058306105317164077 
8.5599999999999735e-10  -0.95450622869800272  0.24930934867176935  0.056959813553463329 
8.5699999999999735e-10  -0.95246865981733242  0.25877817125566666  0.055530481136438756 
8.5799999999999735e-10  -0.95039885399558666  0.26798718999915455  0.054021376162820267 
8.5899999999999734e-10  -0.94830592398755043  0.27692375684757708  0.052435870058365058 
8.5999999999999734e-10  -0.94619905834664864  0.28557589243406589  0.050777421618256706 
8.6099999999999734e-10  -0.94408748078355897  0.2939322872557682  0.049049559312966791 
8.6199999999999733e-10  -0.94198040444039244  0.30198229653989433  0.047255862394966486 
8.6299999999999733e-10  -0.93988698152167893  0.30971592928945968  0.045399941466596726 
8.6399999999999733e-10  -0.93781625013930703  0.31712383278912448  0.043485419263894001 
8.6499999999999732e-10  -0.93577708145770244  0.32419727450318048  0.041515912473296904 
8.6599999999999732e-10  -0.9337781310376897  0.33092812371191421  0.03949501542185594 
8.6699999999999732e-10  -0.93182779848391328  0.33730883534298506  0.037426286457353269 
8.6799999999999731e-10  -0.92993419898507634  0.34333243823129717  0.035313237751492151 
8.6899999999999731e-10  -0.92810514909494601  0.3489925294919306  0.033159329106910135 
8.6999999999999731e-10  -0.92634816725913594  0.35428327586244429  0.030967966122822491 
8.709999999999973e-10  -0.92467048739992275  0.35919942184830655  0.028742502780657132 
8.719999999999973e-10  -0.92307908167443808  0.36373630340918711  0.026486248171021871 
8.729999999999973e-10  -0.92158068669942217  0.36788986489976461  0.024202476733163933 
8.7399999999999729e-10  -0.92018182642636637  0.37165667618108866  0.02189444106494199 
8.7499999999999729e-10  -0.91888882468076216  0.37503394638667331  0.019565386133396031 
8.7599999999999729e-10  -0.91770780121729656  0.37801953086033768  0.01721856361009861 
8.7699999999999728e-10  -0.91664464689081993  0.38061192831703239  0.014857245087016004 
8.7799999999999728e-10  -0.91570497595512312  0.3828102662750964  0.012484733087907346 
8.7899999999999727e-10  -0.91489405623926545  0.38461427415241556  0.010104369045973265 
8.7999999999999727e-10  -0.91421672063359893  0.38602424493180149  0.0077195377273229912 
8.8099999999999727e-10  -0.91367726558855966  0.38704098776450652  0.0053336678977822143 
8.8199999999999726e-10  -0.91327934390167376  0.3876657750761075  0.0029502293220631842 
8.8299999999999726e-10  -0.91302585976415296  0.38790028848194996  0.00057272642683676566 
8.8399999999999726e-10  -0.91291887381376569  0.38774656799815632  -0.0017953108566333869 
8.8499999999999725e-10  -0.91295952488033272  0.38720696863223747  -0.0041503384284528608 
8.8599999999999725e-10  -0.91314797341504139  0.38628412753789115  -0.0064888108186505053 
8.8699999999999725e-10  -0.91348336953255604  0.38498094368867114  -0.0088071947030026135 
8.8799999999999724e-10  -0.91396384645510576  0.38330057068022189  -0.011101982400850308 
8.8899999999999724e-10  -0.91458653818616797  0.38124642202835368  -0.013369704666592465 
8.8999999999999724e-10  -0.91534761864699088  0.37882218736456541  -0.015606942170550458 
8.9099999999999723e-10  -0.91624235838559764  0.37603185734083083  -0.017810335186698951 
8.9199999999999723e-10  -0.91726519434132225  0.37287975485032282  -0.019976591162872308 
8.9299999999999723e-10  -0.91840980798279059  0.36937057028227177  -0.022102490037255455 
8.9399999999999722e-10  -0.91966920736564772  0.36550939883799516  -0.024184887371169392 
8.9499999999999722e-10  -0.92103580919775851  0.3613017783111977  -0.026220715574973099 
8.9599999999999722e-10  -0.92250151777571154  0.35675372606984329  -0.028206983690897351 
8.9699999999999721e-10  -0.92405779859823511  0.35187177420671739  -0.030140776342919787 
8.9799999999999721e-10  -0.92569574550016354  0.34666300193760485  -0.032019252550865844 
8.9899999999999721e-10  -0.92740614121201681  0.34113506434777141  -0.03383964511973566 
8.999999999999972e-10  -0.92917951224742201  0.335296216569757  -0.035599261248641621 
9.009999999999972e-10  -0.93100617985441225  0.32915533247203377  -0.037295484858730681 
9.019999999999972e-10  -0.93287630933545262  0.32272191699259406  -0.038925780929353268 
9.0299999999999719e-10  -0.93477996026190113  0.31600611138973167  -0.040487701881702226 
9.0399999999999719e-10  -0.93670713994007559  0.30901869091130046  -0.041978895793942421 
9.0499999999999719e-10  -0.93864786194555516  0.30177105469208548  -0.043397116010330715 
9.0599999999999718e-10  -0.94059221071417731  0.29427520805001539  -0.044740231553773872 
9.0699999999999718e-10  -0.9425304121976098  0.2865437377240726  -0.046006237689189794 
9.0799999999999717e-10  -0.94445290961907225  0.27858978092887965  -0.047193266017852488 
9.0899999999999717e-10  -0.94635044254800527  0.27042698933956338  -0.048299593594606761 
9.0999999999999717e-10  -0.94821412695538931  0.26206948922291157  -0.049323650717884429 
9.1099999999999716e-10  -0.95003553365313154  0.25353183887858916  -0.050264027206108959 
9.1199999999999716e-10  -0.95180676254373109  0.24482898436396672  -0.051119477104944827 
9.1299999999999716e-10  -0.95352051034861829  0.2359762142009304  -0.051888921842262334 
9.1399999999999715e-10  -0.95517012987100658  0.22698911348051196  -0.052571451856096636 
9.1499999999999715e-10  -0.95674967931558252  0.21788351757297178  -0.053166326681527321 
9.1599999999999715e-10  -0.95825396068421476  0.20867546557599323  -0.053672973429000133 
9.1699999999999714e-10  -0.95967854676320008  0.19938115370964699  -0.054090983560049585 
9.1799999999999714e-10  -0.96101979668449711  0.19001688906250558  -0.054420107901786974 
9.1899999999999714e-10  -0.96227486045144484  0.18059904433868909  -0.054660249956122099 
9.1999999999999713e-10  -0.96344167313067264  0.17114401446248581  -0.054811457745882072 
9.2099999999999713e-10  -0.96451893959701152  0.16166817598692618  -0.054873914665398385 
9.2199999999999713e-10  -0.96550611076498227  0.15218785017701425  -0.054847930018243105 
9.2299999999999712e-10  -0.9664033521717792  0.14271927039264751  -0.054733930075607812 
9.2399999999999712e-10  -0.96721150564549963  0.13327855401677849  -0.054532450530637988 
9.2499999999999712e-10  -0.96793204467499849  0.12388167872784729  -0.054244131132880825 
9.2599999999999711e-10  -0.96856702406713768  0.11454446248051779  -0.053869713065947844 
9.2699999999999711e-10  -0.96911902458357535  0.10528254620802337  -0.053410039310121921 
9.2799999999999711e-10  -0.96959109349956218  0.096111378045775145  -0.052866057860178596 
9.289999999999971e-10  -0.96998668238456032  0.087046197823135038  -0.052238827307265791 
9.299999999999971e-10  -0.97030958379439758  0.078102020672665959  -0.051529524000166055 
9.309999999999971e-10  -0.9705638688956959  0.069293618831941142  -0.050739449819861844 
9.319999999999972e-10  -0.97075382823028766  0.060635501014141245  -0.049870039554956433 
9.329999999999973e-10  -0.97088391781125172  0.052141889046425992  -0.048922866952976908 
9.339999999999974e-10  -0.97095871250240151  0.043826691771828061  -0.047899648721197147 
9.349999999999975e-10  -0.97098286819006063  0.03570347644804555  -0.046802246022717202 
9.3599999999999759e-10  -0.97096109365878336  0.027785438041382612  -0.045632663314527609 
9.3699999999999769e-10  -0.970898132398614  0.02008536691229694  -0.044393044660914448 
9.3799999999999779e-10  -0.97079875386556735  0.012615615441945241  -0.043085667891564268 
9.3899999999999789e-10  -0.97066775304508024  0.0053880641861519078  -0.041712937133710465 
9.3999999999999799e-10  -0.97050995657151673  -0.0015859118079223692  -0.040277374318987945 
9.4099999999999809e-10  -0.97033023316590483  -0.0082954758095635638  -0.03878161024836764 
9.4199999999999819e-10  -0.97013350579564328  -0.014730360518682767  -0.03722837570513176 
9.4299999999999829e-10  -0.96992476275970341  -0.020880896557102652  -0.035620492958941 
9.4399999999999839e-10  -0.9697090648864376  -0.026738037329085106  -0.033960867833394838 
9.4499999999999849e-10  -0.96949154621579448  -0.032293379243470026  -0.032252482347095428 
9.4599999999999859e-10  -0.96927740592620204  -0.037539176408557036  -0.030498387812778215 
9.4699999999999869e-10  -0.96907188984002557  -0.042468349167277257  -0.028701698210343109 
9.4799999999999879e-10  -0.96888026056040943  -0.047074486222537154  -0.026865583644659834 
9.4899999999999889e-10  -0.96870775610098458  -0.051351840566364521  -0.024993263750906949 
9.4999999999999899e-10  -0.96855953770782854  -0.055295319901901362  -0.023088001000122538 
9.5099999999999909e-10  -0.96844062837950129  -0.058900472655225279  -0.021153093959764592 
9.5199999999999919e-10  -0.96835584431287558  -0.062163470945332693  -0.019191870651803968 
9.5299999999999929e-10  -0.96830972208865729  -0.065081091973587607  -0.017207682203050512 
9.5399999999999939e-10  -0.96830644481279071  -0.067650699203778336  -0.015203896987780297 
9.5499999999999949e-10  -0.96834977060069072  -0.069870224462100616  -0.013183895421862022 
9.5599999999999959e-10  -0.96844296669032914  -0.071738151750582374  -0.011151065492076138 
9.5699999999999969e-10  -0.96858875207964146  -0.073253503205247789  -0.0091087990137186971 
9.5799999999999979e-10  -0.96878925091785661  -0.074415827303249554  -0.0070604885265166265 
9.5899999999999989e-10  -0.96904595800251592  -0.075225189174353502  -0.0050095246837368939 
9.5999999999999999e-10  -0.96935971675043231  -0.075682162721416216  -0.002959293975130871 
9.6100000000000009e-10  -0.96973070906066494  -0.075787824199715595  -0.00091317665317667315 
9.6200000000000019e-10  -0.97015845571723303  -0.075543746928555797  0.0011254552057295816 
9.6300000000000029e-10  -0.97064182550579681  -0.074951996884837557  0.0031532394973810456 
9.6400000000000039e-10  -0.97117905110578973  -0.074015129031021865  0.0051668256699417244 
9.6500000000000049e-10  -0.97176775005241189  -0.072736184336746057  0.0071628759835559849 
9.6600000000000059e-10  -0.97240494955218582  -0.071118687548048579  0.0091380663635496091 
9.6700000000000069e-10  -0.97308711453395325  -0.069166645830502443  0.011089086834898452 
9.6800000000000079e-10  -0.97381017885779331  -0.06688454845675941  0.013012641644728809 
9.6900000000000089e-10  -0.9745695799463816  -0.064277367721982628  0.014905449322727003 
9.7000000000000099e-10  -0.97536029716979478  -0.061350561250306523  0.016764243066340424 
9.7100000000000109e-10  -0.97617689411683695  -0.058110075800476488  0.018585771935896497 
9.7200000000000119e-10  -0.97701356451703336  -0.054562352588868337  0.020366803376045906 
9.7300000000000129e-10  -0.97786418118708673  -0.050714334025448178  0.022104127527280498 
9.7400000000000139e-10  -0.9787223471207358  -0.046573471608951089  0.023794563653738467 
9.7500000000000149e-10  -0.97958144783837575  -0.042147734562308067  0.025434968807803739 
9.7600000000000159e-10  -0.98043470439856117  -0.037445618623294631  0.027022248609965913 
9.7700000000000169e-10  -0.98127522699022141  -0.032476154256596251  0.028553369784843338 
9.7800000000000179e-10  -0.98209606963111729  -0.027248913440831898  0.030025373902318658 
9.7900000000000189e-10  -0.98289028700889247  -0.021774014124277621  0.031435391658939119 
9.8000000000000199e-10  -0.98365099473456985  -0.016062121447952805  0.032780657016246946 
9.8100000000000209e-10  -0.98437143410574612  -0.010124444909401177  0.034058520588082668 
9.8200000000000219e-10  -0.98504504186488551  -0.0039727307819508884  0.035266461819322234 
9.8300000000000229e-10  -0.98566552445760158  0.0023807506981678487  0.036402099692781534 
9.8400000000000239e-10  -0.9862269351179096  0.0089232236280091647  0.037463201903080084 
9.8500000000000249e-10  -0.98672375096594722  0.015641430215120742  0.03844769261280287 
9.8600000000000259e-10  -0.98715094644550827  0.022521659787430287  0.039353659033198672 
9.8700000000000269e-10  -0.98750405905995597  0.029549782573106108  0.040179357137349304 
9.8800000000000279e-10  -0.98777924360065161  0.036711287626654272  0.040923216819458839 
9.8900000000000289e-10  -0.98797331189803062  0.043991324185777454  0.041583846771003519 
9.9000000000000299e-10  -0.98808375643685498  0.051374745728464885  0.042160039270088781 
9.9100000000000309e-10  -0.98810875774243367  0.058846156057879254  0.0426507749924546 
9.9200000000000319e-10  -0.98804717699563904  0.066389956858452753  0.043055227866041386 
9.9300000000000329e-10  -0.98789853661140015  0.073990396314374041  0.043372769915236281 
9.9400000000000339e-10  -0.98766299232422505  0.081631618528724526  0.043602975979343102 
9.9500000000000349e-10  -0.98734130056681135  0.089297713594468461  0.043745628141318264 
9.9600000000000359e-10  -0.98693478461787287  0.096972768220006916  0.043800719664241629 
9.9700000000000369e-10  -0.98644530223997484  0.10464091678692074  0.043768458201857791 
9.9800000000000379e-10  -0.98587521649712906  0.11228639261763873  0.043649268026132969 
9.9900000000000389e-10  -0.98522737032771412  0.11989357907518745  0.043443791003047821 
1.000000000000004e-09  -0.98450506442904406  0.12744705994006725  0.043152886054211331 
